>>scores
array([[0.65239521, 0.65225225, 0.63993994],
       [0.69341317, 0.6966967 , 0.68318318],
       [0.73443114, 0.74294294, 0.73273273],
       [0.77964072, 0.79249249, 0.77927928],
       [0.81796407, 0.82882883, 0.81231231],
       [0.84341317, 0.85075075, 0.83993994],
       [0.85419162, 0.85885886, 0.85645646],
       [0.8502994 , 0.85435435, 0.85795796],
       [0.84640719, 0.84954955, 0.85255255],
       [0.83922156, 0.83603604, 0.84654655]])


>>> for i in scores:
...     for j in i:
...             print(j)
... 
0.6523952095808383
0.6522522522522523
0.6399399399399399
0.6934131736526946
0.6966966966966966
0.6831831831831832
0.7344311377245509
0.7429429429429429
0.7327327327327328
0.7796407185628742
0.7924924924924925
0.7792792792792793
0.8179640718562874
0.8288288288288288
0.8123123123123123
0.8434131736526946
0.8507507507507508
0.83993993993994
0.854191616766467
0.8588588588588588
0.8564564564564564
0.8502994011976048
0.8543543543543544
0.8579579579579579
0.8464071856287425
0.8495495495495495
0.8525525525525526
0.8392215568862276
0.836036036036036
0.8465465465465466

